/*--------------------------------*- C++ -*----------------------------------*\
| =========                 |                                                 |
| \\      /  F ield         | OpenFOAM: The Open Source CFD Toolbox           |
|  \\    /   O peration     | Version:  2406                                  |
|   \\  /    A nd           | Website:  www.openfoam.com                      |
|    \\/     M anipulation  |                                                 |
\*---------------------------------------------------------------------------*/
FoamFile
{
    version     2.0;
    format      ascii;
    arch        "LSB;label=32;scalar=64";
    class       regIOobject;
    location    "constant/polyMesh";
    object      faceZones;
    meta
    {
        names           1 ( faceMRFzone );
    }
}
// * * * * * * * * * * * * * * * * * * * * * * * * * * * * * * * * * * * * * //

1
(faceMRFzone
{
    type            faceZone;
    faceLabels      List<label> 
6599
(
51670
51676
51682
51782
51789
51795
51801
51807
51813
51818
51824
51903
51911
51917
51923
51929
51935
51941
51947
51953
51959
51964
52037
52045
52051
52057
52063
52069
52075
52081
52087
52093
52099
52105
52110
52188
52194
52200
52206
52212
52218
52224
52230
52236
52242
52248
52254
52260
52265
52329
52336
52342
52348
52354
52360
52366
52372
52378
52384
52390
52396
52402
52408
52414
52486
52492
52498
52504
52510
52516
52522
52528
52534
52540
52546
52552
52558
52564
52570
52575
52641
52648
52654
52660
52666
52672
52678
52685
52688
52700
52705
52711
52717
52723
52729
52735
52741
52808
52815
52821
52827
52833
52839
52845
52849
52870
52876
52882
52888
52894
52900
52906
52973
52980
52986
52992
52998
53004
53010
53016
53029
53040
53046
53052
53058
53064
53070
53076
53150
53156
53162
53168
53174
53180
53186
53192
53198
53204
53210
53216
53222
53228
53234
53240
53310
53317
53323
53329
53335
53341
53347
53353
53359
53365
53371
53377
53383
53389
53395
53401
53459
53466
53472
53478
53484
53490
53496
53502
53508
53514
53520
53526
53532
53538
53544
53613
53620
53626
53632
53638
53644
53650
53656
53662
53668
53674
53680
53686
53692
53766
53773
53779
53785
53791
53797
53803
53809
53815
53821
53827
53833
53913
53920
53926
53932
53938
53944
53950
53956
53962
53968
54057
54064
54070
54076
54082
54088
55066
55069
55070
55075
55081
55088
55090
55094
55178
55179
55182
55224
55226
55231
55304
55305
55369
55371
55438
55439
55515
55517
55583
55584
55667
55733
55822
55824
55882
55978
56038
56039
56143
56207
56309
56372
56479
56536
56538
56634
56697
56793
56794
56856
56858
56945
57004
57088
57089
57156
57157
57229
57230
57303
57304
57312
57364
57365
57446
57448
57456
57480
57484
57485
57488
57578
57584
57590
58464
58467
58468
58473
58479
58486
58488
58493
58576
58577
58580
58622
58624
58630
58702
58703
58768
58770
58836
58837
58914
58916
58981
58982
59064
59131
59221
59223
59281
59376
59438
59439
59544
59607
59710
59772
59880
59937
59939
60034
60100
60196
60197
60258
60260
60348
60407
60491
60492
60559
60560
60632
60633
60706
60707
60713
60767
60768
60849
60851
60857
60881
60887
60888
60891
60982
60988
60994
61868
61871
61872
61877
61883
61890
61892
61897
61980
61981
61984
62026
62028
62034
62106
62107
62172
62174
62240
62241
62318
62320
62385
62386
62468
62535
62625
62627
62685
62780
62842
62843
62948
63011
63114
63176
63182
63287
63344
63346
63441
63507
63603
63604
63665
63667
63755
63814
63898
63899
63966
63967
64039
64040
64113
64114
64120
64174
64175
64256
64258
64264
64288
64294
64295
64298
64389
64395
64401
65275
65278
65281
65288
65294
65300
65302
65307
65390
65391
65394
65445
65447
65453
65525
65526
65600
65602
65668
65669
65755
65757
65822
65823
65914
65981
66077
66079
66137
66232
66294
66295
66493
66622
66693
66696
66805
66864
66866
66868
66870
66871
66965
67031
67127
67128
67189
67191
67279
67338
67422
67423
67490
67491
67563
67564
67637
67638
67644
67698
67699
67780
67782
67788
67812
67818
67819
67822
67913
67918
67924
68801
68806
68808
68814
68817
68823
68826
68827
68831
68836
68919
68920
68923
68967
68969
68975
69047
69048
69115
69117
69183
69184
69263
69265
69330
69331
69415
69482
69577
69579
69637
69736
69801
69802
69804
69806
69808
69810
69975
70068
70218
70225
70287
70403
70469
70570
70571
70632
70634
70719
70778
70859
70860
70927
70928
70997
70998
71071
71072
71078
71129
71130
71211
71213
71219
71249
71250
71253
71343
71349
72240
72245
72247
72252
72256
72257
72263
72269
72352
72353
72356
72397
72399
72405
72477
72478
72542
72544
72610
72611
72687
72689
72754
72755
72836
72903
72992
72994
73049
73054
73056
73146
73215
73345
73461
73522
73684
73767
73768
73829
73831
73911
73970
74046
74047
74114
74115
74179
74180
74253
74254
74260
74306
74307
74388
74390
74394
74418
74419
74422
74527
75419
75422
75424
75431
75436
75519
75520
75523
75550
75552
75558
75630
75631
75681
75683
75749
75750
75812
75814
75879
75880
75947
76014
76089
76091
76146
76150
76152
76263
76333
76542
76678
76761
76762
76823
76825
76901
76960
77032
77033
77100
77101
77161
77162
77235
77236
77242
77284
77285
77366
77368
77372
77392
77393
77396
78385
78388
78389
78395
78400
78405
78488
78489
78492
78521
78523
78529
78601
78602
78654
78656
78722
78723
78787
78789
78854
78855
78924
78991
79068
79070
79126
79131
79132
79227
79516
79666
79753
79754
79815
79817
79893
79952
80024
80025
80092
80093
80153
80154
80227
80228
80234
80276
80277
80358
80360
80365
80387
80388
80391
81377
81379
81380
81381
81384
81387
81390
81392
81400
81406
81489
81490
81493
81535
81537
81543
81615
81616
81681
81683
81749
81750
81827
81829
81894
81895
81977
82044
82134
82136
82192
82196
82198
82295
82362
82458
82580
82644
82646
82798
82800
83002
83101
83102
83163
83165
83253
83312
83396
83397
83464
83465
83537
83538
83611
83612
83618
83672
83673
83754
83756
83761
83789
83795
83796
83799
83902
83913
84787
84790
84791
84796
84802
84804
84810
84816
84899
84900
84903
84948
84950
84956
85028
85029
85097
85099
85165
85166
85246
85248
85313
85314
85399
85466
85559
85561
85619
85622
85623
85720
85784
85891
85954
86093
86155
86262
86320
86322
86507
86609
86610
86671
86673
86767
86826
86916
86917
86984
86985
87063
87064
87137
87138
87144
87204
87205
87286
87288
87294
87324
87330
87331
87334
87437
87449
88323
88326
88327
88332
88338
88343
88348
88350
88355
88438
88439
88442
88484
88486
88492
88564
88565
88630
88632
88698
88699
88776
88778
88843
88844
88926
88993
89083
89085
89143
89238
89299
89300
89301
89306
89409
89472
89575
89637
89745
89802
89804
89899
89965
90061
90062
90123
90125
90213
90272
90356
90357
90424
90425
90497
90498
90571
90572
90578
90632
90633
90714
90716
90722
90746
90752
90753
90756
90847
90853
90859
91733
91736
91737
91742
91748
91755
91757
91762
91845
91846
91849
91891
91893
91899
91971
91972
92037
92039
92105
92106
92183
92185
92250
92251
92333
92400
92490
92492
92550
92645
92707
92708
92813
92876
92979
93041
93149
93206
93208
93303
93369
93465
93466
93527
93529
93617
93676
93760
93761
93828
93829
93901
93902
93975
93976
93982
94036
94037
94118
94120
94126
94150
94156
94157
94160
94251
94257
94263
95137
95140
95141
95146
95152
95159
95161
95166
95249
95250
95253
95295
95297
95303
95375
95376
95441
95443
95509
95510
95587
95589
95654
95655
95738
95804
95894
95896
95954
96050
96111
96112
96217
96280
96383
96445
96553
96610
96612
96708
96773
96869
96870
96931
96933
97021
97080
97164
97165
97232
97233
97305
97306
97379
97380
97387
97440
97441
97522
97524
97531
97555
97560
97561
97564
97655
97661
97667
98548
98554
98560
98659
98665
98671
98677
98683
98689
98695
98701
98781
98787
98793
98799
98805
98811
98817
98823
98829
98835
98841
98912
98918
98924
98930
98936
98942
98948
98954
98960
98966
98972
98978
98984
99066
99072
99078
99084
99090
99096
99102
99108
99114
99120
99126
99132
99138
99144
99207
99213
99219
99225
99231
99237
99243
99249
99255
99261
99267
99273
99279
99285
99291
99364
99370
99376
99382
99388
99394
99400
99406
99412
99418
99424
99430
99436
99442
99448
99454
99521
99527
99533
99539
99545
99551
99557
99563
99569
99579
99584
99590
99596
99602
99608
99614
99620
99688
99694
99700
99706
99712
99718
99724
99730
99739
99743
99750
99755
99761
99767
99773
99779
99785
99853
99859
99865
99871
99877
99883
99889
99896
99902
99908
99920
99925
99931
99937
99943
99949
99955
100030
100036
100042
100048
100054
100060
100066
100073
100079
100084
100090
100096
100102
100108
100114
100120
100192
100198
100204
100210
100216
100222
100228
100234
100240
100246
100252
100258
100264
100270
100276
100282
100341
100347
100353
100359
100365
100371
100377
100383
100389
100395
100401
100407
100413
100419
100425
100495
100501
100507
100513
100519
100525
100531
100537
100543
100549
100555
100561
100567
100573
100648
100654
100660
100666
100672
100678
100684
100690
100696
100702
100708
100714
100795
100801
100807
100813
100819
100825
100831
100837
100843
100849
100939
100945
100951
100957
100963
100969
189522
189536
189538
189543
189548
189550
189556
189566
189570
189573
189577
189579
189588
189596
189603
189605
189609
189614
189616
189922
189924
189948
189949
190408
190410
190417
190420
190439
190444
190567
190569
190587
190599
191068
191071
191073
191085
191092
191101
191108
191123
191420
191431
191450
191460
191551
191563
191570
191581
191903
191914
191924
191936
191940
191955
191957
191960
191966
191981
191989
192006
192142
192144
192155
192157
192166
192169
192180
192199
192200
192212
192240
192249
192252
192288
192299
192312
192317
192321
192323
192335
192342
192345
192348
192490
192495
192497
192508
192516
192518
192527
192534
192536
192542
192553
192557
192560
192564
192576
192579
192582
192588
192613
192620
192624
192628
192630
192647
192648
192651
192654
193136
193144
193146
193149
193162
193604
193606
193614
193616
193625
193628
193639
193657
193664
193690
193694
193697
193699
193710
193717
193721
193724
194175
194178
194188
194190
194199
194201
194210
194213
194667
194669
194675
194678
194690
194693
194698
194700
194711
194713
194719
194724
194726
194741
194747
194752
194755
194764
194766
194769
194792
194805
194856
194900
194919
194921
194930
194933
194937
194963
194969
194976
194979
194987
194990
195056
195112
195121
195131
195153
195157
195160
195162
195169
195180
195204
195211
195213
195220
195662
195671
195674
195958
195967
195977
196218
196236
196544
196549
196553
196564
196968
196984
196987
196991
196996
197017
197022
197359
197364
197372
197386
197389
197393
197418
197425
197430
203421
203438
203440
203445
203447
203451
203456
203463
203471
203473
203482
203484
203485
203487
203499
203504
203511
203516
203522
203524
203529
203531
203534
203536
203537
203542
203544
203545
203547
204015
204036
204041
204042
204043
204045
204456
204472
204483
204978
204994
205003
205510
205528
205538
205543
205544
205545
205665
205682
205686
205687
205692
205708
205712
205722
205742
205748
205753
205757
205759
205761
205763
205764
205783
205785
205790
206013
206015
206029
206032
206039
206040
206056
206062
206065
206075
206085
206087
206503
206509
206510
206512
206514
206516
206517
206534
206537
206550
206562
206566
206568
206576
206590
206594
206595
206837
206839
206841
206843
206845
206847
206850
206870
206873
206876
206877
206882
206889
206891
206905
206910
206915
206916
207132
207138
207143
207153
207155
207163
207167
207169
207191
207192
207196
207197
207398
207408
207412
207413
207421
208222
208225
208233
208235
208251
208253
208259
208260
208476
208478
208482
208485
208499
208500
208504
208755
208763
208767
208776
209201
209208
209211
209821
209825
209826
209840
209842
209846
209849
210076
210082
210085
210088
210099
210369
210531
210535
210540
210541
210843
210846
210856
210857
210877
210879
210885
210888
211093
211094
211097
211100
211113
211116
211120
211312
211315
211317
211336
211338
211342
211345
211561
211576
211579
211582
211590
211789
211797
211800
212018
212022
212028
212792
212795
212801
212803
212817
212819
212826
212829
213127
213129
213132
213136
213151
213154
213158
213242
213253
213256
213260
213263
213496
213497
213508
213522
213526
214090
214098
214111
214115
214128
214131
214344
214348
214350
214374
214376
214379
214383
214676
214679
214682
214708
214715
214719
214749
214754
214762
214784
214787
214789
220270
220275
220279
220319
220323
220327
220582
220588
220590
220593
221002
221007
221009
221013
221108
221114
221115
221122
221618
221623
221624
221628
221636
221640
221653
221662
221666
221673
222017
222025
222029
222042
222044
222065
222072
222078
222090
222097
222103
222107
222307
222312
222318
222324
222333
222337
222344
222350
222354
222364
222375
222379
222753
222757
222762
222773
222782
222787
222792
222795
222803
222807
222820
222822
222833
222839
222842
222854
222859
222865
222870
222961
222967
222970
222982
222987
222996
222998
223007
223012
223022
223031
223069
223081
223115
223123
223129
223130
223138
223143
223149
223154
223168
223172
223179
223269
223278
223284
223285
223294
223299
223310
223319
223326
223332
223336
223344
223352
223356
223362
223385
223388
223401
223406
223408
223859
223863
223871
223878
223883
223885
224341
224344
224349
224369
224374
224382
224389
224394
224397
224717
224724
224727
224756
224758
224764
225074
225082
225085
225114
225116
225122
225126
225133
225141
225150
225154
225156
225162
225167
225171
225173
225183
225186
225197
225204
225245
225277
225282
225286
225288
225298
225301
225329
225337
225366
225373
225398
225405
225415
225423
225431
225435
225440
225441
225458
225462
225466
225472
225476
225484
225495
225497
225875
225877
226294
226298
226302
226550
226554
226562
226588
226594
226885
226892
226895
226922
226928
226943
226947
226953
227231
227234
227237
227280
227284
227286
269954
269957
269962
269964
269965
269975
269979
269981
269987
269991
269999
270003
270005
270011
270015
270023
270027
270029
270035
270037
270039
270050
270052
270057
270058
270093
270097
270100
270104
270105
270111
270120
270124
270126
270132
270144
270147
270149
270165
270168
270170
270186
270189
270191
270207
270210
270212
270228
270231
270233
270249
270253
270255
270265
270277
270279
270283
270285
270286
270325
270329
270332
270338
270339
270352
270355
270357
270373
270376
270378
270394
270397
270399
270415
270418
270420
270436
270439
270441
270457
270460
270462
270478
270481
270483
270499
270502
270504
270520
270523
270525
270541
270545
270547
270556
270557
270590
270594
270597
270603
270604
270617
270620
270622
270638
270641
270643
270659
270662
270664
270680
270683
270685
270701
270704
270706
270722
270725
270727
270743
270746
270748
270764
270767
270769
270785
270788
270790
270806
270809
270811
270827
270830
270832
270848
270852
270854
270863
270864
270891
270895
270898
270902
270903
270913
270918
270921
270923
270939
270942
270944
270960
270963
270965
270981
270984
270986
271002
271005
271007
271023
271026
271028
271044
271047
271049
271065
271068
271070
271086
271089
271091
271107
271110
271112
271128
271131
271133
271149
271152
271154
271170
271173
271175
271195
271197
271201
271204
271213
271245
271248
271251
271257
271269
271272
271274
271290
271293
271295
271311
271314
271316
271332
271335
271337
271353
271356
271358
271374
271377
271379
271395
271398
271400
271416
271419
271421
271437
271440
271442
271458
271461
271463
271479
271482
271484
271500
271503
271505
271521
271524
271526
271542
271545
271547
271555
271604
271610
271614
271621
271622
271628
271631
271633
271649
271652
271654
271670
271673
271675
271691
271694
271696
271712
271715
271717
271733
271736
271738
271754
271757
271759
271775
271778
271780
271793
271796
271798
271814
271817
271819
271835
271838
271840
271856
271859
271861
271877
271880
271882
271898
271901
271903
271919
271922
271924
271944
271949
271955
271958
272006
272009
272012
272018
272025
272030
272033
272035
272051
272054
272056
272072
272075
272077
272093
272096
272098
272114
272117
272119
272135
272138
272140
272156
272158
272159
272173
272175
272176
272178
272180
272182
272189
272198
272200
272201
272203
272207
272210
272212
272228
272231
272233
272249
272252
272254
272270
272273
272275
272291
272294
272296
272312
272315
272317
272333
272336
272338
272346
272352
272381
272384
272387
272393
272400
272405
272408
272410
272426
272429
272431
272447
272450
272452
272468
272471
272473
272489
272492
272494
272510
272513
272515
272544
272547
272549
272565
272568
272570
272586
272589
272591
272607
272610
272612
272628
272631
272633
272649
272652
272654
272670
272673
272675
272683
272689
272721
272724
272727
272733
272738
272740
272745
272748
272750
272766
272769
272771
272787
272790
272792
272808
272811
272813
272829
272832
272834
272850
272853
272855
272888
272891
272893
272909
272912
272914
272930
272933
272935
272951
272954
272956
272972
272975
272977
272993
272996
272998
273014
273017
273019
273027
273031
273033
273081
273086
273090
273095
273102
273105
273107
273123
273126
273128
273144
273147
273149
273165
273168
273170
273186
273189
273191
273207
273210
273212
273228
273231
273233
273249
273252
273254
273270
273273
273275
273291
273294
273296
273312
273315
273317
273333
273336
273338
273354
273357
273359
273375
273378
273380
273396
273399
273401
273420
273425
273429
273471
273474
273477
273490
273495
273498
273500
273516
273519
273521
273537
273540
273542
273558
273561
273563
273579
273582
273584
273600
273603
273605
273621
273624
273626
273642
273645
273647
273663
273666
273668
273684
273687
273689
273705
273708
273710
273726
273729
273731
273747
273750
273752
273768
273771
273773
273787
273818
273824
273829
273830
273834
273842
273845
273847
273863
273866
273868
273884
273887
273889
273905
273908
273910
273926
273929
273931
273947
273950
273952
273968
273971
273973
273989
273992
273994
274010
274013
274015
274031
274034
274036
274052
274055
274057
274073
274076
274078
274094
274097
274099
274115
274118
274126
274128
274129
274157
274160
274163
274175
274176
274181
274184
274186
274202
274205
274207
274223
274226
274228
274244
274247
274249
274265
274268
274270
274286
274289
274291
274307
274310
274312
274328
274331
274333
274349
274352
274354
274370
274373
274375
274391
274394
274396
274412
274415
274417
274430
274431
274455
274458
274461
274473
274474
274479
274482
274484
274500
274503
274505
274521
274524
274526
274542
274545
274547
274563
274566
274568
274584
274587
274589
274605
274608
274610
274626
274629
274631
274647
274650
274652
274668
274671
274673
274686
274687
274712
274718
274723
274728
274734
274736
274739
274741
274752
274757
274760
274762
274778
274781
274783
274799
274802
274804
274820
274823
274825
274841
274844
274846
274862
274865
274867
274881
274883
274886
274894
274897
274899
274924
274934
274936
274942
274945
274948
274950
274961
274964
274966
274969
274971
274982
274985
274987
274990
274992
275003
275004
275006
275008
275017
275018
275725
275733
275736
275746
275754
275757
275767
275775
275778
275832
275843
275845
275848
275857
275860
275861
275866
275874
275875
275876
275930
275938
275946
275947
275959
275964
275967
275971
275975
275991
276020
276023
276032
276035
276036
276048
276049
276185
276192
276194
276206
276210
276213
276216
276219
276249
276252
276261
276262
276264
276265
276460
276471
276475
276478
276481
276484
276511
276514
276523
276524
276526
276758
276769
276776
276779
276810
276821
276831
276832
277076
277081
277083
277085
277091
277142
277145
277154
277155
277157
277425
277436
277443
277446
277512
277517
277522
277523
277797
277801
277802
277807
277811
277880
277886
277891
278184
278189
278194
278249
278255
278260
278515
278520
278525
278583
278589
278594
278610
278853
278854
278858
278863
278864
278947
278952
278957
279235
279240
279245
279299
279306
279309
279311
279317
279577
279587
279599
279600
279649
279657
279663
279667
279907
279909
279916
279917
279919
279961
279968
279970
279972
279977
279992
280200
280201
280210
280211
280221
280222
280250
280257
280259
280261
280266
280281
280453
280454
280463
280464
280474
280475
280504
280513
280515
280524
280528
280530
280534
280538
280553
280654
280664
280666
280668
280675
280678
280679
280692
280693
280737
280746
280748
280755
280760
280763
280764
280770
280779
280786
280789
280797
280804
280807
280814
280815
280822
280824
280825
280827
280835
280836
280854
280855
281657
281664
281667
281675
281682
281685
281693
281700
281703
281755
281765
281767
281769
281776
281779
281780
281785
281793
281794
281795
281849
281857
281865
281866
281877
281881
281883
281887
281891
281904
281933
281935
281942
281945
281946
281958
281959
282008
282015
282017
282028
282031
282033
282036
282039
282069
282071
282078
282079
282081
282082
282117
282128
282131
282133
282136
282139
282166
282168
282175
282176
282178
282214
282225
282230
282233
282262
282272
282282
282283
282293
282299
282301
282304
282311
282359
282361
282368
282369
282371
282407
282418
282423
282426
282492
282497
282502
282503
282510
282515
282516
282522
282527
282594
282599
282604
282691
282697
282703
282753
282758
282763
282806
282812
282818
282871
282876
282881
282897
282928
282929
282934
282940
282941
283021
283026
283031
283039
283045
283051
283106
283111
283113
283115
283121
283152
283166
283175
283176
283222
283230
283236
283240
283246
283248
283257
283258
283260
283300
283305
283306
283308
283313
283331
283343
283344
283357
283358
283365
283366
283394
283399
283400
283402
283407
283425
283437
283438
283451
283452
283459
283460
283489
283495
283497
283507
283511
283513
283519
283523
283541
283554
283568
283570
283573
283581
283585
283586
283596
283597
283638
283644
283646
283653
283659
283662
283664
283671
283681
283690
283693
283702
283711
283714
283722
283723
283732
283734
283735
283737
283746
283748
283764
283765
284555
284561
284563
284568
284576
284583
284586
284594
284601
284604
284656
284666
284668
284670
284677
284680
284681
284686
284694
284695
284696
284707
284715
284718
284721
284723
284765
284773
284781
284782
284793
284797
284799
284803
284807
284820
284849
284851
284858
284861
284862
284874
284875
284924
284931
284933
284944
284947
284949
284952
284955
284985
284987
284994
284995
284997
284998
285033
285044
285047
285049
285052
285055
285082
285084
285091
285092
285094
285130
285141
285146
285149
285178
285188
285198
285199
285209
285215
285217
285220
285227
285275
285277
285284
285285
285287
285323
285334
285339
285342
285408
285413
285418
285419
285426
285431
285432
285438
285443
285510
285515
285520
285606
285610
285615
285617
285619
285622
285632
285634
285652
285687
285692
285697
285740
285746
285753
285805
285810
285815
285819
285829
285841
285842
285845
285848
285877
285878
285883
285889
285890
285970
285975
285980
285988
285994
286000
286055
286060
286062
286064
286070
286101
286115
286124
286125
286171
286179
286185
286189
286195
286197
286206
286207
286209
286249
286254
286255
286257
286262
286280
286292
286293
286306
286307
286314
286315
286343
286348
286349
286351
286356
286374
286386
286387
286400
286401
286408
286409
286438
286444
286446
286456
286460
286462
286468
286472
286490
286503
286517
286519
286522
286530
286534
286535
286545
286546
286587
286593
286595
286602
286608
286611
286613
286620
286630
286639
286642
286651
286659
286661
286672
286674
286675
286688
286690
286692
286693
286695
286697
286700
286701
286710
286712
286728
286729
286836
287552
287559
287562
287614
287624
287626
287628
287635
287638
287639
287644
287645
287647
287649
287650
287656
287658
287659
287662
287681
287684
287689
287697
287698
287709
287713
287715
287719
287723
287736
287765
287767
287774
287777
287778
287790
287791
287840
287847
287849
287860
287863
287865
287868
287871
287901
287903
287910
287911
287913
287914
287949
287960
287963
287965
287968
287971
287998
288000
288007
288008
288010
288046
288057
288062
288065
288094
288104
288114
288115
288125
288131
288133
288136
288143
288191
288193
288200
288201
288203
288239
288250
288255
288258
288324
288329
288334
288335
288405
288409
288411
288413
288414
288416
288421
288422
288431
288498
288503
288508
288523
288859
288860
288865
288867
288872
288873
288955
288961
288972
288975
288976
289042
289048
289054
289109
289114
289116
289118
289124
289155
289169
289178
289179
289225
289233
289239
289243
289249
289251
289260
289261
289263
289303
289308
289309
289311
289316
289334
289346
289347
289360
289361
289368
289369
289397
289402
289403
289405
289410
289428
289440
289441
289454
289455
289462
289463
289492
289498
289500
289510
289514
289516
289522
289526
289544
289557
289571
289573
289576
289584
289588
289589
289599
289600
289641
289647
289649
289656
289662
289665
289667
289674
289683
289690
289691
289693
289695
289699
289701
289703
289704
289718
289723
289728
289729
289737
289738
290528
290608
290618
290620
290622
290628
290630
290631
290635
290643
290644
290646
290647
290649
290650
290658
290662
290664
290668
290672
290685
290714
290716
290723
290726
290727
290739
290740
290864
290871
290873
290884
290887
290889
290892
290895
290925
290927
290934
290935
290937
290938
291051
291062
291065
291067
291070
291073
291100
291102
291109
291110
291112
291226
291237
291242
291245
291274
291284
291294
291295
291378
291384
291386
291389
291396
291444
291446
291453
291454
291456
291526
291537
291541
291544
291608
291612
291616
291617
291619
291620
291622
291883
292936
292942
292947
292949
292950
292952
292953
293006
293011
293013
293015
293021
293049
293063
293072
293073
293119
293127
293133
293137
293209
293211
293220
293221
293223
293263
293268
293269
293271
293276
293294
293372
293373
293386
293387
293394
293395
293423
293428
293429
293431
293436
293454
293532
293533
293546
293547
293554
293555
293584
293590
293592
293602
293606
293608
293614
293618
293636
293709
293721
293723
293726
293734
293738
293739
293749
293750
293791
293797
293799
293806
293814
293816
293821
293823
293824
293826
293833
293834
293903
294646
294656
294658
294660
294666
294668
294669
294675
294679
294681
294685
294689
294702
294731
294733
294740
294743
294744
294756
294757
294865
294872
294874
294885
294888
294890
294893
294896
294926
294928
294935
294936
294938
294939
295036
295047
295050
295052
295055
295058
295085
295087
295094
295095
295097
295195
295206
295211
295214
295243
295253
295263
295264
295330
295336
295338
295341
295348
295396
295398
295404
295405
295407
295466
295475
295479
295482
296451
296456
296458
296460
296466
296502
296514
296523
296524
296570
296578
296584
296588
296692
296694
296703
296704
296706
296746
296751
296752
296754
296759
296777
296887
296888
296901
296902
296909
296910
296938
296943
296944
296946
296951
296969
297079
297080
297093
297094
297101
297102
297131
297137
297139
297149
297153
297155
297161
297165
297183
297284
297296
297298
297301
297309
297313
297314
297324
297325
297366
297371
297373
297409
297410
298211
298221
298223
298225
298231
298233
298234
298240
298244
298246
298250
298254
298267
298296
298298
298305
298308
298309
298321
298322
298387
298394
298396
298407
298410
298412
298415
298418
298448
298450
298457
298458
298460
298461
298518
298529
298532
298534
298537
298540
298567
298569
298576
298577
298579
298637
298648
298653
298656
298685
298695
298705
298706
298738
298744
298746
298749
298756
298804
298806
298812
298813
298815
298862
298871
298875
298878
299343
299348
299350
299352
299358
299385
299397
299406
299407
299453
299461
299467
299471
299480
299482
299491
299492
299494
299534
299539
299540
299542
299547
299565
299580
299581
299594
299595
299602
299603
299631
299636
299637
299639
299644
299662
299677
299678
299691
299692
299699
299700
299729
299735
299737
299747
299751
299753
299759
299763
299779
299793
299805
299807
299810
299818
299822
299823
299833
299834
299875
299880
299882
299895
299896
300742
300752
300754
300756
300763
300766
300767
300773
300787
300788
300791
300792
300794
300795
300802
300807
300815
300821
300825
300827
300831
300835
300848
300877
300879
300886
300889
300890
300902
300903
301019
301026
301028
301039
301042
301044
301047
301050
301080
301082
301089
301090
301092
301093
301198
301209
301212
301214
301217
301220
301247
301249
301256
301257
301259
301365
301376
301381
301384
301413
301423
301433
301434
301510
301516
301518
301521
301528
301576
301578
301584
301585
301587
301669
301680
301685
301688
301806
301807
301823
301825
301831
301837
301838
301840
301841
302520
302523
302524
302529
302532
302533
302536
302537
302541
302767
302772
302774
302776
302782
302839
302851
302860
302861
302907
302915
302921
302925
302983
302985
302994
302995
302997
303037
303042
303043
303045
303050
303068
303132
303133
303146
303147
303154
303155
303183
303188
303189
303191
303196
303214
303278
303279
303292
303293
303300
303301
303330
303336
303338
303348
303352
303354
303360
303364
303380
303439
303453
303455
303458
303466
303470
303471
303481
303482
303523
303528
303530
303559
303562
303569
303570
303573
303575
303583
303584
303586
303587
303598
303599
304418
304426
304433
304435
304472
304482
304484
304486
304493
304496
304497
304502
304510
304511
304512
304520
304544
304552
304556
304558
304562
304566
304579
304608
304610
304617
304620
304621
304633
304634
304763
304770
304772
304783
304786
304788
304791
304794
304824
304826
304833
304834
304836
304837
304955
304966
304969
304971
304974
304977
305004
305006
305013
305014
305016
305135
305146
305151
305154
305183
305193
305203
305204
305291
305297
305299
305302
305309
305357
305359
305365
305366
305368
305402
305413
305418
305421
305643
305648
305649
305655
305660
306030
306032
306035
306047
306048
306054
306058
306063
306075
306407
306412
306417
306422
306439
306442
306443
306454
306459
306749
306754
306759
306980
306985
306987
306989
306995
307025
307037
307046
307047
307093
307101
307107
307111
307219
307221
307230
307231
307233
307273
307278
307279
307281
307286
307304
307418
307419
307432
307433
307440
307441
307469
307474
307475
307477
307482
307500
307614
307615
307628
307629
307636
307637
307666
307672
307674
307684
307688
307690
307696
307700
307718
307827
307841
307843
307846
307854
307858
307859
307869
307870
307911
307916
307918
307961
307964
307965
307967
307969
307972
307979
307984
307985
307986
307988
307997
307999
308015
308016
308784
308791
308794
308802
308815
308818
308845
308909
308919
308921
308923
308930
308933
308934
308939
308947
308948
308949
309005
309008
309009
309024
309026
309027
309029
309030
309032
309043
309047
309049
309053
309057
309070
309099
309101
309108
309111
309112
309124
309125
309174
309181
309183
309194
309197
309199
309202
309205
309235
309237
309244
309245
309247
309248
309283
309294
309297
309299
309302
309305
309332
309334
309341
309342
309344
309380
309391
309396
309399
309428
309438
309448
309449
309459
309465
309467
309470
309477
309525
309527
309534
309535
309537
309573
309584
309589
309592
309664
309676
309681
309684
309685
309687
309688
309694
309699
309700
309706
309711
309806
309845
309851
309857
309913
309918
309923
309981
309992
309997
310058
310063
310068
310084
310162
310238
310243
310248
310254
310257
310264
310265
310267
310274
310275
310277
310278
310280
310338
310343
310345
310347
310353
310384
310398
310407
310408
310454
310462
310468
310472
310478
310480
310489
310490
310492
310532
310537
310538
310540
310545
310563
310575
310576
310589
310590
310597
310598
310626
310631
310632
310634
310639
310657
310669
310670
310683
310684
310691
310692
310721
310727
310729
310739
310743
310745
310751
310755
310773
310786
310800
310802
310805
310813
310817
310818
310828
310829
310870
310876
310878
310896
310897
310900
310904
310906
310915
310916
310918
310919
310934
310943
310949
310957
310958
310967
310969
310970
310972
310981
310983
310999
311000
311094
311811
311818
311821
311829
311836
311839
311847
311854
311857
311909
311919
311921
311923
311930
311933
311934
311939
311947
311948
311949
311995
312006
312014
312022
312023
312034
312038
312040
312044
312048
312061
312090
312092
312099
312102
312103
312115
312116
312165
312172
312174
312185
312188
312190
312193
312196
312226
312228
312235
312236
312238
312239
312274
312285
312288
312290
312293
312296
312323
312325
312332
312333
312335
312371
312382
312387
312390
312419
312429
312439
312440
312450
312456
312458
312461
312468
312516
312518
312525
312526
312528
312564
312575
312580
312583
312649
312654
312659
312660
312667
312672
312673
312679
312684
312751
312756
312761
312768
312821
312827
312833
312883
312888
312893
312936
312942
312948
313001
313006
313011
313027
313085
313091
313092
313093
313100
313106
313107
313187
313192
313197
313205
313211
313217
313272
313277
313279
313281
313287
313318
313332
313341
313342
313388
313396
313402
313406
313412
313414
313423
313424
313426
313466
313471
313472
313474
313479
313497
313509
313510
313523
313524
313531
313532
313560
313565
313566
313568
313573
313591
313603
313604
313617
313618
313625
313626
313655
313661
313663
313673
313677
313679
313685
313689
313707
313720
313734
313736
313739
313747
313751
313752
313762
313763
313804
313810
313812
313819
313825
313828
313830
313837
313846
313850
313852
313862
313865
313874
313883
313886
313894
313895
313904
313906
313907
313909
313918
313920
313936
313937
314727
314734
314737
314745
314752
314755
314763
314770
314773
314825
314835
314837
314839
314846
314849
314850
314855
314863
314864
314865
314919
314927
314935
314936
314947
314951
314953
314957
314961
314974
315003
315005
315012
315015
315016
315028
315029
315078
315085
315087
315098
315101
315103
315106
315109
315139
315141
315148
315149
315151
315152
315187
315198
315201
315203
315206
315209
315236
315238
315245
315246
315248
315284
315295
315300
315303
315332
315342
315352
315353
315363
315369
315371
315374
315381
315429
315431
315438
315439
315441
315477
315488
315493
315496
315562
315567
315572
315573
315580
315585
315586
315592
315597
315664
315669
315674
315731
315737
315743
315793
315798
315803
315846
315852
315858
315911
315916
315921
315937
315998
315999
316004
316010
316011
316091
316096
316101
316109
316115
316121
316176
316181
316183
316185
316191
316222
316236
316245
316246
316292
316300
316306
316310
316316
316318
316327
316328
316330
316370
316375
316376
316378
316383
316401
316413
316414
316427
316428
316435
316436
316464
316469
316470
316472
316477
316495
316507
316508
316521
316522
316529
316530
316559
316565
316567
316577
316581
316583
316589
316593
316611
316624
316638
316640
316643
316651
316655
316656
316666
316667
316708
316714
316716
316723
316729
316732
316734
316741
316751
316760
316763
316772
316781
316784
316792
316793
316802
316804
316805
316807
316816
316818
316834
316835
317622
317629
317632
317640
317647
317650
317658
317665
317668
317717
317725
317726
317728
317735
317738
317739
317743
317744
317752
317753
317754
317758
317761
317773
317776
317779
317791
317794
317797
317808
317809
317812
317815
317816
317824
317825
317830
317833
317836
317840
317842
317846
317848
317850
317863
317892
317894
317901
317904
317905
317909
317917
317918
317921
317924
317927
317939
317942
317945
317960
317963
317966
317981
317984
317987
318002
318005
318008
318023
318026
318029
318044
318047
318050
318062
318065
318068
318069
318076
318078
318083
318086
318089
318092
318094
318097
318099
318100
318130
318132
318139
318140
318142
318143
318147
318159
318162
318165
318180
318183
318186
318201
318204
318207
318222
318225
318228
318243
318246
318249
318264
318267
318270
318285
318288
318291
318306
318309
318312
318327
318330
318333
318348
318351
318354
318365
318366
318369
318372
318375
318378
318380
318383
318385
318386
318413
318415
318422
318423
318425
318430
318442
318445
318448
318463
318466
318469
318484
318487
318490
318505
318508
318511
318526
318529
318532
318547
318550
318553
318568
318571
318574
318589
318592
318595
318610
318613
318616
318631
318634
318637
318652
318655
318658
318673
318676
318679
318690
318691
318694
318697
318700
318705
318708
318710
318737
318745
318754
318755
318758
318761
318764
318779
318782
318785
318800
318803
318806
318821
318824
318827
318842
318845
318848
318863
318866
318869
318884
318887
318890
318905
318908
318911
318926
318929
318932
318947
318950
318953
318968
318971
318974
318989
318992
318995
319010
319013
319016
319031
319034
319037
319038
319043
319045
319047
319052
319053
319055
319101
319103
319110
319111
319113
319118
319130
319133
319136
319151
319154
319157
319172
319175
319178
319193
319196
319199
319214
319217
319220
319235
319238
319241
319256
319259
319262
319277
319280
319283
319298
319301
319304
319319
319322
319325
319340
319343
319346
319361
319364
319367
319382
319385
319388
319403
319406
319409
319420
319421
319424
319427
319430
319435
319438
319440
319501
319506
319510
319511
319512
319516
319531
319534
319537
319552
319555
319558
319573
319576
319579
319594
319597
319600
319615
319618
319621
319636
319639
319642
319656
319658
319660
319674
319676
319678
319693
319696
319699
319714
319717
319720
319735
319738
319741
319756
319759
319762
319777
319780
319783
319798
319801
319804
319819
319822
319825
319828
319832
319833
319838
319840
319842
319906
319911
319916
319930
319933
319936
319951
319954
319957
319972
319975
319978
319993
319996
319999
320014
320017
320020
320035
320038
320041
320054
320057
320059
320076
320078
320086
320101
320104
320107
320122
320125
320128
320143
320146
320149
320164
320167
320170
320185
320188
320191
320206
320209
320212
320218
320223
320224
320227
320228
320230
320278
320283
320288
320302
320305
320308
320323
320326
320329
320344
320347
320350
320365
320368
320371
320386
320389
320392
320407
320410
320413
320426
320429
320431
320462
320465
320468
320483
320486
320489
320504
320507
320510
320525
320528
320531
320546
320549
320552
320567
320570
320573
320579
320584
320585
320588
320589
320591
320642
320647
320652
320666
320668
320669
320672
320687
320690
320693
320708
320711
320714
320729
320732
320735
320750
320753
320756
320771
320774
320777
320792
320795
320798
320814
320823
320825
320860
320863
320866
320881
320884
320887
320902
320905
320908
320923
320926
320929
320944
320947
320950
320965
320968
320971
320977
320978
320982
320983
320986
320987
320988
320989
321065
321070
321074
321075
321080
321095
321098
321101
321116
321119
321122
321137
321140
321143
321158
321161
321164
321179
321182
321185
321200
321203
321206
321221
321224
321227
321242
321245
321248
321263
321266
321269
321284
321287
321290
321305
321308
321311
321326
321329
321332
321347
321350
321353
321368
321371
321374
321389
321392
321395
321398
321403
321408
321410
321459
321464
321466
321468
321470
321474
321488
321491
321494
321509
321512
321515
321530
321533
321536
321551
321554
321557
321572
321575
321578
321593
321596
321599
321614
321617
321620
321635
321638
321641
321656
321659
321662
321677
321680
321683
321698
321701
321704
321719
321722
321725
321740
321743
321746
321761
321764
321767
321773
321779
321782
321783
321785
321792
321793
321839
321847
321853
321856
321857
321862
321877
321880
321883
321898
321901
321904
321919
321922
321925
321940
321943
321946
321961
321964
321967
321982
321985
321988
322003
322006
322009
322024
322027
322030
322045
322048
322051
322066
322069
322072
322087
322090
322093
322108
322111
322114
322129
322132
322135
322136
322138
322145
322146
322147
322148
322150
322187
322192
322193
322195
322197
322200
322213
322215
322216
322219
322234
322237
322240
322255
322258
322261
322276
322279
322282
322297
322300
322303
322318
322321
322324
322339
322342
322345
322360
322363
322366
322381
322384
322387
322402
322405
322408
322423
322426
322429
322444
322447
322450
322456
322457
322462
322465
322466
322467
322468
322474
322475
322503
322508
322509
322511
322513
322516
322529
322531
322532
322535
322550
322553
322556
322571
322574
322577
322592
322595
322598
322613
322616
322619
322634
322637
322640
322655
322658
322661
322676
322679
322682
322697
322700
322703
322718
322721
322724
322730
322731
322736
322739
322740
322741
322742
322748
322749
322778
322784
322786
322788
322795
322799
322801
322804
322805
322809
322810
322822
322824
322825
322828
322843
322846
322849
322864
322867
322870
322885
322888
322891
322906
322909
322912
322927
322930
322933
322940
322945
322948
322950
322951
322952
322954
322961
322963
322964
322965
322966
322975
322976
323017
323023
323025
323027
323032
323037
323040
323041
323043
323047
323056
323061
323063
323064
323066
323067
323074
323079
323081
323082
323084
323085
323091
323092
323097
323099
323100
323101
323102
323103
323104
323112
323113
323115
323128
323129
326147
326150
326154
326471
326485
326486
384040
384043
384046
384052
384055
384057
386821
386826
386829
387261
387264
387273
388078
388082
388085
388401
388403
388411
388537
388540
388541
392035
392042
392044
392051
392056
392057
392076
392082
392084
392089
392094
392095
397051
397056
397064
397950
397952
397958
398288
398290
398296
400085
400093
400095
400100
400106
400107
400138
400144
400145
403226
403230
403231
403236
403242
403245
403265
403269
403270
403275
403280
403282
403289
403293
403294
403299
403304
403306
403313
403317
403318
403323
403328
403330
403367
403371
403372
403377
403382
403384
403470
403478
403480
403493
403494
403524
403531
403533
403543
403544
403548
403555
403557
403567
403568
403572
403579
403581
403591
403592
403611
403618
403620
403631
403632
420147
420154
420160
420161
421330
421922
421926
421928
423106
423111
423114
423206
423210
423213
424596
424600
424608
426010
426017
426020
426617
426620
426622
427218
427228
427233
427235
428510
428517
428521
429315
439450
439454
439463
439465
439484
439489
439493
439761
439764
439772
439774
439780
439783
439791
439804
439810
439814
440175
440180
440185
440203
440206
440214
440224
440232
440234
440456
440462
440464
440582
440584
440591
440594
440597
440606
440637
440639
440646
440677
440679
440687
440702
440707
440710
440717
440721
440724
440727
440731
440733
440842
440846
440848
440855
440858
440865
440898
440900
440906
440918
440923
440925
440927
440988
440993
440995
441018
441022
441024
441026
441038
441042
441050
441073
441078
441079
441085
441173
441178
441181
441207
441211
441212
441217
441240
441243
441247
441330
441337
441340
441358
441364
441366
441503
441506
441509
441593
441596
441599
441621
441626
441627
441766
441769
441775
441996
442001
442005
442175
442177
442178
442191
442208
442210
442211
442221
442285
442287
442290
442298
442318
442320
442323
442331
442399
442402
442412
442434
442437
442444
442495
442500
442505
442530
442535
442540
442582
442590
442594
442616
442624
442628
442712
442718
442721
442759
442765
442768
443407
443415
443420
443652
443660
443664
443666
444063
444069
444073
444091
444097
444101
444313
444319
444322
444332
444337
444340
444341
448809
448811
448816
448820
448823
448824
448828
448831
448833
448840
448844
448845
448849
448851
448855
448858
448864
448866
448871
448874
448877
448999
449002
449004
449007
449009
449014
449017
449020
449022
449024
449028
449030
449034
449036
449041
449042
449046
449048
449052
449054
449059
449069
449072
449079
449082
449087
449090
449091
449094
449101
449107
449110
449111
449115
449119
449120
449143
449146
449147
449149
449154
449157
449158
449163
449168
449175
449180
449181
449185
449189
449190
449192
449197
449202
449207
449211
449212
449216
449220
449221
449225
449229
449230
449234
449240
449242
449247
449253
449255
449260
449266
449268
449271
449275
449278
449284
449288
449290
449294
449297
449302
449306
449309
449312
449316
449320
449324
449328
449332
449334
449338
449341
449346
449351
449354
449358
449708
449713
449715
449717
449722
449724
449728
449732
449734
449737
449741
449743
449816
449820
449824
449825
449829
449833
449836
449838
449842
449843
449848
449851
449852
449857
449860
449863
449866
449869
450126
450130
450131
450138
450142
450143
450150
450154
450155
450162
450166
450167
450171
450177
450180
450183
450189
450192
450195
450201
450204
450207
450213
450216
450221
450223
450227
450228
450233
450236
450237
450242
450245
450246
450251
450254
450255
450260
450263
450266
450268
450272
450275
450277
450281
450284
450286
450290
450397
450417
450425
450434
450435
450454
450455
450464
450465
450473
450474
450497
450505
450707
450729
450737
450753
452279
452323
452408
452458
452867
452868
452869
452898
452926
452946
452984
453005
453006
453007
454489
454506
454510
454515
454516
454535
454536
454537
454538
454551
454552
454553
454575
454576
454590
454611
454612
454633
454634
454636
454637
454668
454669
454670
454689
454690
454722
454723
454724
454726
454727
454728
454729
454732
454734
454736
454737
454738
454739
454742
454743
454744
454749
454752
454753
454754
454755
454757
454760
454761
454762
454767
454769
454771
454772
454775
454778
454783
454785
454790
454791
454792
454795
454796
454801
454811
454812
454817
454818
454820
454821
454827
454828
454836
454846
454847
454848
454849
454850
454855
454858
454862
455002
455042
455043
455044
455058
455059
455060
455073
455074
455075
455076
455077
455078
455092
455093
455094
455095
455098
455099
455129
455936
455940
455942
455981
455986
455987
456020
456022
456061
456062
456066
456074
456075
456076
456077
456078
456089
456090
456101
456103
456104
456120
456121
456133
456134
456137
456138
456139
456151
456181
456188
456228
456238
456239
456241
456242
456275
456277
456278
456279
456281
456282
456285
456299
456300
456302
456304
456305
456306
456307
456338
456340
456341
456342
456345
456346
456349
456401
456517
456565
457548
457549
457550
457558
457564
457565
457566
457568
457595
457596
457597
457599
457620
457650
457651
457652
457726
457762
457781
457820
457824
457827
457832
457833
457834
457835
457836
457837
457845
457847
457850
457851
457852
457853
457854
457855
457856
457857
457858
457859
457860
457861
457862
457863
457864
457866
457887
457888
457889
457890
457891
457892
457893
457894
457895
457900
457904
457911
457917
457919
457926
457941
457950
457952
457959
457960
457961
457967
457981
457986
458006
458007
458008
458020
458038
458041
458318
458319
458320
458321
458322
458323
458324
458325
458326
458378
458379
458380
458381
458382
458383
458384
458385
458386
458387
458388
458389
458390
458391
458392
458393
458394
458395
458396
458397
458398
458469
458470
458471
458472
458473
458474
458475
458476
458477
458478
458479
458480
)
;
    flipMap         List<bool> 
6599
(
1
1
1
1
1
1
1
1
1
1
1
1
1
1
1
1
1
1
1
1
1
1
1
1
1
1
1
1
1
1
1
1
1
1
1
1
1
1
1
1
1
1
1
1
1
1
1
1
1
1
1
1
1
1
1
1
1
1
1
1
1
1
1
1
1
1
1
1
1
1
1
1
1
1
1
1
1
1
1
1
1
1
1
1
1
1
1
1
1
1
1
1
1
1
1
1
1
1
1
1
1
1
1
1
1
1
1
1
1
1
1
1
1
1
1
1
1
1
1
1
1
1
1
1
1
1
1
1
1
1
1
1
1
1
1
1
1
1
1
1
1
1
1
1
1
1
1
1
1
1
1
1
1
1
1
1
1
1
1
1
1
1
1
1
1
1
1
1
1
1
1
1
1
1
1
1
1
1
1
1
1
1
1
1
1
1
1
1
1
1
1
1
1
1
1
1
1
1
1
1
1
1
1
1
1
1
1
1
1
1
1
1
1
1
1
1
1
1
0
0
0
0
1
1
1
1
1
0
0
0
1
0
0
1
1
0
0
1
1
1
1
0
0
1
1
1
0
0
0
1
0
1
0
1
1
1
0
1
0
0
0
0
1
1
0
0
1
1
0
0
1
1
0
0
0
1
1
0
0
0
0
1
1
1
1
1
0
0
0
0
1
1
1
1
1
0
0
0
1
0
0
1
1
0
0
1
1
1
1
0
0
1
1
1
0
0
0
1
0
1
0
1
1
1
0
1
0
0
0
0
1
1
0
0
1
1
0
0
1
1
0
0
0
1
1
0
0
0
0
1
1
1
1
1
0
0
0
0
1
1
1
1
1
0
0
0
1
0
0
1
1
0
0
1
1
1
1
0
0
1
1
1
0
0
0
1
0
1
0
0
1
1
1
0
1
0
0
0
0
1
1
0
0
1
1
0
0
1
1
0
0
0
1
1
0
0
0
0
1
1
1
1
1
1
1
0
0
1
1
1
1
1
0
0
0
1
0
0
1
1
0
0
1
1
1
1
0
0
1
1
1
0
0
0
0
1
0
0
1
1
1
1
1
1
0
1
0
0
0
0
1
1
0
0
1
1
0
0
1
1
0
0
0
1
1
0
0
0
0
1
1
1
1
1
1
1
1
0
0
0
1
1
1
1
1
0
0
0
1
0
0
1
1
0
0
1
1
1
1
0
0
1
1
1
0
0
0
0
0
0
0
0
1
1
1
1
0
1
0
0
0
0
1
1
0
0
1
1
0
0
1
1
0
0
0
1
1
0
0
0
1
1
1
1
1
1
1
0
0
1
1
1
1
0
0
0
1
0
0
1
1
0
0
1
1
1
1
0
0
1
1
1
1
1
0
1
0
1
1
1
0
0
0
0
1
1
0
0
1
1
0
0
1
1
0
0
0
1
1
0
0
0
1
1
1
1
1
1
1
1
1
0
0
0
1
0
0
1
1
0
0
1
1
1
1
0
0
1
1
1
1
1
0
1
1
1
0
0
0
0
1
1
0
0
1
1
0
0
1
1
0
0
0
1
1
0
0
0
1
1
1
1
1
1
1
1
1
0
0
0
1
0
0
1
1
0
0
1
1
1
1
0
0
1
1
1
1
1
0
1
1
0
0
0
0
1
1
0
0
1
1
0
0
1
1
0
0
0
1
1
0
0
0
1
1
0
0
0
0
0
0
0
1
1
1
1
0
0
0
1
0
0
1
1
0
0
1
1
1
1
0
0
1
1
1
1
1
0
1
1
1
0
0
1
1
1
0
0
0
0
1
1
0
0
1
1
0
0
1
1
0
0
0
1
1
0
0
0
0
1
1
1
1
0
0
0
0
0
1
1
1
1
0
0
0
1
0
0
1
1
0
0
1
1
1
1
0
0
1
1
1
1
1
0
1
1
0
1
0
1
1
1
1
0
0
0
0
1
1
0
0
1
1
0
0
1
1
0
0
0
1
1
0
0
0
0
1
1
1
1
0
0
0
0
0
1
1
1
1
1
0
0
0
1
0
0
1
1
0
0
1
1
1
1
0
0
1
1
1
0
0
0
0
0
1
0
1
0
1
1
1
0
1
0
0
0
0
1
1
0
0
1
1
0
0
1
1
0
0
0
1
1
0
0
0
0
1
1
1
1
1
0
0
0
0
1
1
1
1
1
0
0
0
1
0
0
1
1
0
0
1
1
1
1
0
0
1
1
1
0
0
0
1
0
1
0
1
1
1
0
1
0
0
0
0
1
1
0
0
1
1
0
0
1
1
0
0
0
1
1
0
0
0
0
1
1
1
1
1
0
0
0
0
1
1
1
1
1
0
0
0
1
0
0
1
1
0
0
1
1
1
1
0
0
1
1
1
0
0
0
1
0
1
0
1
1
1
0
1
0
0
0
0
1
1
0
0
1
1
0
0
1
1
0
0
0
1
1
0
0
0
0
1
1
1
1
1
1
1
1
1
1
1
1
1
1
1
1
1
1
1
1
1
1
1
1
1
1
1
1
1
1
1
1
1
1
1
1
1
1
1
1
1
1
1
1
1
1
1
1
1
1
1
1
1
1
1
1
1
1
1
1
1
1
1
1
1
1
1
1
1
1
1
1
1
1
1
1
1
1
1
1
1
1
1
1
1
1
1
1
1
1
1
1
1
1
1
1
1
1
1
1
1
1
1
1
1
1
1
1
1
1
1
1
1
1
1
1
1
1
1
1
1
1
1
1
1
1
1
1
1
1
1
1
1
1
1
1
1
1
1
1
1
1
1
1
1
1
1
1
1
1
1
1
1
1
1
1
1
1
1
1
1
1
1
1
1
1
1
1
1
1
1
1
1
1
1
1
1
1
1
1
1
1
1
1
1
1
1
1
1
1
1
1
1
1
1
1
1
1
1
1
1
1
1
1
1
1
1
1
1
1
1
1
1
1
1
1
1
1
1
1
1
1
1
1
1
0
0
0
0
0
0
0
0
0
0
1
1
0
0
0
0
0
0
0
0
1
0
1
1
0
0
1
0
1
1
0
1
0
1
1
0
1
1
0
0
1
1
0
0
0
0
1
1
0
0
1
1
1
1
1
1
1
0
1
1
1
1
1
0
1
1
1
0
0
1
1
0
1
0
1
1
1
1
1
1
1
1
1
1
0
0
1
1
0
1
1
1
0
1
1
1
1
1
1
1
1
1
1
1
1
1
1
1
1
1
1
1
1
1
1
1
1
1
0
1
1
1
1
1
1
1
1
1
1
1
1
1
1
0
1
1
1
0
1
1
1
1
1
0
1
1
1
1
1
0
1
1
1
0
1
1
1
1
0
0
0
1
1
1
1
1
0
0
0
0
1
0
0
1
1
1
1
0
1
0
0
1
1
0
0
1
0
0
1
1
0
0
0
0
0
0
0
1
0
0
1
1
1
0
0
0
0
0
0
0
0
0
0
0
0
0
0
1
0
0
0
0
0
0
1
1
1
0
0
0
0
1
1
0
0
0
0
0
0
1
1
1
0
0
0
0
0
0
0
0
0
0
0
0
0
0
0
0
0
0
0
0
0
0
1
1
1
1
1
0
1
1
0
0
0
0
0
0
0
0
0
0
1
1
1
1
0
1
1
1
0
0
1
0
0
0
0
0
0
0
0
0
0
0
1
1
1
1
1
1
1
1
0
0
0
0
0
0
0
1
0
0
0
1
1
1
0
1
1
1
1
0
1
0
0
1
1
1
1
1
1
1
1
1
1
1
1
1
0
1
1
1
0
1
1
1
1
1
0
1
1
1
1
0
1
1
0
1
1
1
1
1
1
1
1
1
1
1
1
1
1
1
0
1
0
0
1
0
1
1
1
0
1
1
1
1
1
0
1
1
1
1
1
1
1
1
1
1
1
1
1
1
1
0
1
1
0
0
0
1
0
1
1
1
0
1
1
1
1
1
0
1
1
1
1
0
0
1
1
0
0
1
0
0
0
1
0
0
1
1
1
0
0
1
1
0
0
0
0
0
0
0
0
0
0
0
0
0
0
1
0
0
1
0
0
0
0
0
1
0
0
0
1
0
0
0
1
0
0
0
1
0
1
0
0
0
0
0
1
1
0
1
0
0
0
0
0
0
0
0
0
0
0
0
0
0
0
1
1
0
1
0
0
0
0
0
0
0
0
1
1
0
1
0
1
1
0
0
1
1
0
1
1
0
1
0
0
0
1
1
0
1
1
0
1
0
0
0
0
1
1
0
1
1
0
1
0
0
0
1
1
0
1
0
1
1
0
1
1
1
1
0
1
1
0
1
1
0
1
1
0
1
1
1
1
1
1
1
1
0
1
1
0
1
1
0
1
1
0
1
1
1
1
1
0
1
1
0
1
0
0
0
0
1
1
1
0
1
0
0
0
0
0
0
1
1
1
1
0
0
0
1
0
0
0
0
0
0
1
1
0
1
0
1
0
0
0
0
1
1
0
1
0
1
1
0
1
0
0
0
0
0
0
0
0
0
1
1
1
1
1
1
1
1
0
0
1
1
1
0
0
1
1
1
0
0
0
1
1
1
1
1
1
1
1
1
0
1
1
1
0
1
1
1
1
1
1
1
1
1
1
1
1
1
1
1
1
1
1
0
1
1
0
0
1
1
1
1
0
0
1
1
1
1
1
1
1
1
1
1
1
1
1
1
1
1
1
1
1
1
1
1
1
1
1
1
1
1
1
1
0
0
1
1
1
0
0
1
1
1
1
1
1
1
1
1
1
1
1
1
1
1
1
1
1
1
1
1
1
1
1
1
1
1
1
1
1
1
1
1
1
1
1
0
0
1
1
1
1
1
0
1
1
1
1
1
1
1
1
1
1
1
1
1
1
1
1
1
1
1
1
1
1
1
1
1
1
1
1
1
1
1
1
1
1
1
1
1
1
1
1
1
0
1
0
1
1
1
0
1
1
1
1
1
1
1
1
1
1
1
1
1
1
1
1
1
1
1
1
1
1
1
1
1
1
1
1
1
1
1
1
1
1
1
1
1
1
1
1
1
1
0
1
1
1
1
1
1
1
1
1
1
1
1
1
1
1
1
1
1
1
1
1
1
1
1
1
1
1
1
1
1
1
1
1
1
1
1
1
1
1
1
1
1
1
1
1
1
1
1
1
1
1
0
0
1
1
1
1
0
0
1
1
1
1
1
1
1
1
1
1
1
1
1
1
1
1
1
1
1
1
1
0
0
0
0
1
1
1
0
0
0
0
1
1
1
1
1
1
1
1
1
1
1
1
1
1
1
1
1
1
1
1
1
0
0
1
1
1
0
0
1
1
1
1
1
1
1
1
1
1
1
1
1
1
1
1
1
1
1
1
1
1
1
1
1
1
1
1
1
1
1
1
1
1
1
1
1
1
1
0
0
1
1
1
0
0
0
1
1
1
1
1
1
1
1
1
1
1
1
1
1
1
1
1
1
1
1
1
1
1
1
1
1
1
1
1
1
1
1
1
1
1
1
1
1
1
0
0
0
1
1
1
1
1
1
1
1
1
1
1
1
1
1
1
1
1
1
1
1
1
1
1
1
1
1
1
1
1
1
1
1
1
1
1
1
1
1
1
1
1
1
1
1
1
1
1
1
1
1
0
0
1
1
1
0
1
1
1
1
1
1
1
1
1
1
1
1
1
1
1
1
1
1
1
1
1
1
1
1
1
1
1
1
1
1
1
1
1
1
1
1
1
1
1
1
1
1
0
1
1
0
0
1
1
1
1
1
1
1
1
1
1
1
1
1
1
1
1
1
1
1
1
1
1
1
1
1
1
1
1
1
1
1
1
1
1
1
1
1
1
1
1
1
1
0
0
0
1
1
1
0
0
1
1
1
1
1
1
1
1
1
1
1
1
1
1
1
1
1
1
1
1
1
1
1
1
1
1
1
1
1
1
1
1
1
1
1
1
0
0
1
1
1
0
0
1
1
1
1
1
1
1
1
1
1
1
1
1
1
1
1
1
1
1
1
1
1
1
1
1
1
1
1
1
1
0
0
1
1
0
1
0
1
1
1
0
1
1
1
1
1
1
1
1
1
1
1
1
1
1
1
1
1
1
0
1
1
0
0
0
1
0
0
1
1
1
1
0
0
1
1
1
0
0
1
1
1
0
0
0
1
0
0
1
1
1
1
1
1
1
1
1
1
1
1
1
1
1
1
1
1
1
1
0
1
1
1
0
1
1
0
1
1
1
1
1
1
1
1
1
1
0
1
0
1
1
0
1
1
1
1
1
1
1
0
0
1
1
0
1
1
1
1
1
1
0
0
1
0
1
1
1
1
1
0
0
1
0
1
1
1
1
1
0
0
1
0
1
1
1
1
0
1
0
0
1
1
1
1
0
0
0
1
1
1
0
0
0
1
1
1
0
0
0
0
0
0
1
1
1
0
0
0
0
1
1
0
1
0
0
0
0
1
1
0
1
0
0
0
0
0
0
1
1
0
1
0
0
0
0
0
0
0
0
1
1
0
1
0
0
0
0
0
0
0
0
1
0
1
0
0
1
0
0
0
0
0
0
0
0
0
0
0
0
1
0
0
1
0
0
1
0
0
0
0
0
0
0
0
0
0
0
0
0
0
0
0
1
1
1
1
1
1
1
1
1
1
1
1
1
1
1
1
1
1
1
1
0
1
1
1
0
1
1
0
1
1
1
1
1
1
1
1
1
1
0
1
0
1
1
0
1
1
1
1
1
1
1
0
0
1
1
0
1
1
1
1
1
1
0
0
1
0
1
1
1
1
1
0
0
1
0
1
1
1
1
1
0
0
1
0
1
1
1
1
0
1
0
0
1
1
1
1
0
0
0
1
1
1
0
0
0
1
1
1
0
0
0
0
0
0
1
1
1
0
0
0
0
1
1
0
1
0
0
0
0
1
1
0
1
0
0
0
0
0
0
1
1
0
1
0
0
0
0
0
0
0
0
1
1
0
1
0
0
0
0
0
0
0
0
1
0
1
0
0
1
0
0
0
0
0
0
0
0
0
0
0
0
1
0
0
1
0
0
1
0
0
0
0
0
0
0
0
0
0
0
0
0
0
0
0
1
1
1
1
1
1
1
1
1
1
1
1
1
1
1
1
1
1
1
1
1
0
0
0
0
0
0
1
1
1
0
1
1
0
1
1
1
1
1
1
1
1
1
1
0
1
0
1
1
0
1
1
1
1
1
1
1
0
0
1
1
0
1
1
1
1
1
1
0
0
1
0
1
1
1
1
1
0
0
1
0
1
1
1
1
1
0
0
1
0
1
1
1
1
0
1
0
0
1
1
1
1
0
0
0
0
0
0
0
0
1
1
1
1
0
0
0
1
1
1
1
0
0
0
0
0
0
0
0
0
0
1
1
1
0
0
0
0
1
1
0
1
0
0
0
0
1
1
0
1
0
0
0
0
0
0
1
1
0
1
0
0
0
0
0
0
0
0
1
1
0
1
0
0
0
0
0
0
0
0
1
0
1
0
0
1
0
0
0
0
0
0
0
0
0
0
0
0
1
0
0
1
0
0
1
0
0
0
0
0
0
0
0
0
0
0
0
0
0
0
0
0
0
0
0
0
1
1
1
1
1
1
1
1
1
1
1
1
1
1
1
1
1
1
1
1
0
0
1
1
1
0
1
1
0
1
1
1
1
1
1
1
1
1
1
0
1
0
1
1
0
1
1
1
1
1
1
1
0
0
1
1
0
1
1
1
1
1
1
0
0
1
0
1
1
1
1
1
0
0
1
0
1
1
1
1
1
0
0
1
0
1
1
1
1
0
1
1
1
1
0
1
1
1
1
1
1
0
0
0
0
0
0
0
1
1
1
1
1
0
0
0
0
1
1
0
1
0
0
0
0
1
1
0
1
0
0
0
0
0
0
1
1
0
1
0
0
0
0
0
0
0
0
1
1
0
1
0
0
0
0
0
0
0
0
1
0
1
0
0
1
0
0
0
0
0
0
0
0
0
0
0
0
1
0
0
1
0
0
1
0
0
0
0
0
1
1
1
1
0
1
1
1
0
0
1
1
1
1
1
1
1
1
1
1
1
1
1
1
1
0
1
1
0
1
1
1
1
1
1
1
1
1
1
0
1
0
1
1
0
1
1
1
1
1
1
1
0
0
1
1
0
1
1
1
1
1
1
0
0
1
0
1
1
1
1
1
0
0
1
0
1
1
1
1
1
0
0
1
0
1
1
1
1
1
1
1
1
0
0
1
1
1
1
0
0
1
1
0
1
0
0
0
0
1
1
0
1
0
0
0
0
0
0
1
1
0
1
0
0
0
0
0
0
0
0
1
1
0
1
0
0
0
0
0
0
0
0
1
0
1
0
0
1
0
0
0
0
0
0
0
0
0
0
0
0
1
0
0
0
0
1
1
1
1
0
0
1
1
1
1
1
1
1
1
0
1
1
0
1
1
1
1
1
1
1
1
1
1
0
1
0
1
1
0
1
1
1
1
1
1
1
0
0
1
1
0
1
1
1
1
1
1
0
0
1
0
1
1
1
1
1
0
0
1
0
1
1
1
1
1
0
0
1
0
0
1
1
0
1
0
0
0
0
1
1
0
1
0
0
0
0
0
0
1
1
0
1
0
0
0
0
0
0
0
0
1
1
0
1
0
0
0
0
0
0
0
0
1
0
1
0
0
1
0
0
0
0
0
0
0
0
0
0
0
0
1
0
0
0
1
1
1
1
1
1
1
0
1
1
0
1
1
1
1
1
1
1
1
1
1
0
1
0
1
1
0
1
1
1
1
1
1
1
0
0
1
1
0
1
1
1
1
1
1
0
0
1
0
1
1
1
1
1
0
0
1
0
1
1
1
1
1
0
0
1
0
0
1
1
0
1
0
0
0
0
1
1
0
1
0
0
0
0
0
0
1
1
0
1
0
0
0
0
0
0
0
0
1
1
0
1
0
0
0
0
0
0
0
0
1
0
1
0
0
1
0
0
0
0
0
0
0
0
0
0
0
0
1
0
0
0
1
1
1
1
1
1
1
1
1
1
1
1
1
1
1
1
0
0
1
1
0
1
1
1
1
1
1
1
1
1
1
0
1
0
1
1
0
1
1
1
1
1
1
1
0
0
1
1
0
1
1
1
1
1
1
0
0
1
0
1
1
1
1
1
0
0
1
0
1
1
1
1
1
0
0
1
0
1
1
1
0
0
1
1
1
1
1
1
1
1
1
1
1
1
1
0
1
1
0
1
0
0
0
0
1
1
0
1
0
0
0
0
0
0
1
1
0
1
0
0
0
0
0
0
0
0
1
1
0
1
0
0
0
0
0
0
0
0
1
0
1
0
0
1
0
0
0
0
0
0
0
0
0
0
0
0
1
0
0
1
1
1
0
0
1
1
1
1
0
0
1
1
1
1
1
1
1
1
1
1
1
1
1
1
1
0
0
0
1
1
0
1
1
1
1
1
1
1
1
1
1
0
1
0
1
1
0
1
1
1
1
1
1
1
0
0
1
1
0
1
1
1
1
1
1
0
0
1
0
1
1
1
1
1
0
0
1
0
1
1
1
1
1
0
0
1
0
0
1
0
0
1
0
0
0
0
0
0
0
0
1
1
1
1
1
0
0
0
0
0
1
1
1
0
1
1
0
1
0
0
0
0
1
1
0
1
0
0
0
0
0
0
1
1
0
1
0
0
0
0
0
0
0
0
1
1
0
1
0
0
0
0
0
0
0
0
1
0
1
0
0
1
0
0
0
0
0
0
0
0
0
0
0
0
1
0
0
0
0
0
0
0
0
0
0
0
0
0
0
0
0
1
1
1
1
1
1
1
1
1
1
1
1
1
1
1
1
1
1
1
1
1
1
1
1
1
1
1
0
1
1
0
1
1
1
1
1
1
1
1
1
1
0
1
0
1
1
0
1
1
1
1
1
1
1
0
0
1
1
0
1
1
1
1
1
1
0
0
1
0
1
1
1
1
1
0
0
1
0
1
1
1
1
1
0
0
1
0
1
1
1
1
1
1
1
0
1
0
0
1
1
0
0
0
1
1
1
0
0
0
1
1
1
0
1
1
1
1
1
0
1
1
0
1
1
1
1
0
0
1
1
0
1
0
0
0
0
1
1
0
1
0
0
0
0
0
0
1
1
0
1
0
0
0
0
0
0
0
0
1
1
0
1
0
0
0
0
0
0
0
0
1
0
1
0
0
1
0
0
0
0
0
0
0
0
0
0
0
0
1
0
1
1
1
0
0
1
1
1
1
0
0
0
0
0
0
0
0
0
0
0
0
0
1
1
1
1
1
1
1
1
1
1
1
1
1
1
1
1
1
1
1
1
1
0
0
1
1
1
0
1
1
0
1
1
1
1
1
1
1
1
1
1
0
1
0
1
1
0
1
1
1
1
1
1
1
0
0
1
1
0
1
1
1
1
1
1
0
0
1
0
1
1
1
1
1
0
0
1
0
1
1
1
1
1
0
0
1
0
1
1
1
1
0
1
0
0
1
1
1
1
0
0
0
0
1
1
1
0
0
0
1
1
1
0
0
0
0
0
0
0
0
1
1
1
0
0
0
0
1
1
0
1
0
0
0
0
1
1
0
1
0
0
0
0
0
0
1
1
0
1
0
0
0
0
0
0
0
0
1
1
0
1
0
0
0
0
0
0
0
0
1
0
1
0
0
1
0
0
0
0
0
0
0
0
0
0
0
0
1
0
0
1
0
0
1
0
0
0
0
0
0
0
0
0
0
0
0
0
0
0
0
0
0
1
1
1
1
1
1
1
1
1
1
1
1
1
1
1
1
1
1
1
1
0
1
1
1
0
1
1
0
1
1
1
1
1
1
1
1
1
1
0
1
0
1
1
0
1
1
1
1
1
1
1
0
0
1
1
0
1
1
1
1
1
1
0
0
1
0
1
1
1
1
1
0
0
1
0
1
1
1
1
1
0
0
1
0
1
1
1
1
0
1
0
0
1
1
1
1
0
0
0
1
1
1
0
0
0
1
1
1
0
0
0
0
0
0
1
1
1
0
0
0
0
1
1
0
1
0
0
0
0
1
1
0
1
0
0
0
0
0
0
1
1
0
1
0
0
0
0
0
0
0
0
1
1
0
1
0
0
0
0
0
0
0
0
1
0
1
0
0
1
0
0
0
0
0
0
0
0
0
0
0
0
1
0
0
1
0
0
1
0
0
0
0
0
0
0
0
0
0
0
0
0
0
0
0
1
1
1
1
1
1
1
1
1
1
1
1
1
1
1
1
0
1
1
1
1
0
0
0
0
0
0
0
0
0
0
0
0
1
1
1
0
0
0
1
1
0
0
1
1
1
1
1
1
1
0
1
1
0
0
0
0
0
0
0
0
0
0
0
0
0
0
0
0
0
0
0
0
0
0
0
0
1
0
1
0
0
0
1
1
0
0
1
1
1
1
1
1
1
0
0
0
0
0
0
0
0
0
0
0
0
0
0
0
0
0
0
0
0
0
0
0
0
0
0
0
0
0
0
0
0
0
0
0
0
1
1
0
0
1
1
1
1
1
1
0
0
0
0
0
0
0
0
0
0
0
0
0
0
0
0
0
0
0
0
0
0
0
0
0
0
0
0
0
0
0
0
0
0
0
0
0
0
0
0
0
0
1
0
0
1
1
1
1
0
0
0
0
0
0
0
0
0
0
0
0
0
0
0
0
0
0
0
0
0
0
0
0
0
0
0
0
0
0
0
0
0
0
0
0
0
0
0
0
0
0
1
0
0
1
0
0
0
1
1
1
1
1
0
0
0
0
0
0
0
0
0
0
0
0
0
0
0
0
0
0
0
0
0
0
0
0
0
0
0
0
0
0
0
0
0
0
0
0
0
0
0
0
0
0
0
0
0
0
0
0
1
0
0
1
1
0
1
1
0
0
0
0
0
0
0
0
0
0
0
0
0
0
0
0
0
0
0
0
0
0
0
0
0
0
0
0
0
0
0
0
0
0
0
0
0
0
0
0
0
0
0
0
0
0
0
1
0
0
0
1
1
1
1
0
0
0
0
0
0
0
0
0
0
0
0
0
0
0
0
0
0
0
0
0
0
0
0
0
0
0
0
0
0
0
0
0
0
0
0
0
0
0
0
0
0
0
0
0
0
0
0
1
1
1
0
0
0
0
0
0
0
0
0
0
0
0
0
0
0
0
0
0
0
0
0
0
0
0
0
0
0
0
0
0
0
0
0
0
0
0
0
0
0
0
0
0
0
0
0
1
1
1
0
0
0
0
0
0
0
0
0
0
0
0
0
0
0
0
0
0
0
0
0
0
0
0
0
0
0
0
0
0
0
0
0
0
0
0
0
0
0
0
0
0
0
0
0
0
0
0
0
0
0
1
1
0
1
0
0
0
0
0
0
0
0
0
0
0
0
0
0
0
0
0
0
0
0
0
0
0
0
0
0
0
0
0
0
0
0
0
0
0
0
0
0
0
0
0
0
0
0
0
0
0
0
0
0
0
1
1
0
0
1
0
0
0
0
0
0
0
0
0
0
0
0
0
0
0
0
0
0
0
0
0
0
0
0
0
0
0
0
0
0
0
0
0
0
0
0
0
0
0
0
0
0
0
0
0
0
0
0
0
1
1
0
0
1
0
0
0
0
0
0
0
0
0
0
0
0
0
0
0
0
0
0
0
0
0
0
0
0
0
0
0
0
0
0
0
0
0
0
0
0
0
0
0
0
0
0
0
0
0
0
0
0
1
1
0
0
1
0
0
0
0
0
0
0
0
0
0
0
0
0
0
0
0
0
0
0
0
0
0
0
0
0
0
0
0
0
0
0
0
0
0
0
0
0
0
0
0
0
0
0
0
0
0
0
1
1
0
0
1
0
0
0
0
0
0
0
0
0
0
0
0
0
0
0
0
0
0
0
0
0
0
0
0
0
0
0
0
0
0
0
0
0
0
0
0
0
0
0
0
0
1
0
0
1
0
0
0
1
0
0
0
0
0
0
0
0
0
0
0
0
0
0
0
0
0
0
0
0
0
0
0
0
0
0
0
0
0
0
0
0
0
0
0
0
1
0
0
0
1
0
0
0
1
0
0
0
0
0
0
0
0
0
0
0
0
0
0
0
0
0
0
0
0
0
0
0
0
0
0
1
1
1
1
1
1
1
0
0
1
0
0
0
1
1
0
1
1
0
1
1
0
1
1
0
0
0
0
1
0
0
1
0
0
1
0
0
1
0
1
1
0
1
1
0
1
1
0
0
0
0
0
0
0
0
0
0
1
1
1
1
1
0
1
1
1
1
1
0
1
1
1
1
1
0
1
1
1
1
1
0
1
1
1
1
1
0
1
1
0
0
0
1
1
0
0
0
1
1
0
0
0
1
1
0
0
0
1
1
0
0
0
0
1
0
0
1
0
0
0
0
1
1
0
1
1
0
1
1
0
0
0
1
1
1
1
0
0
0
1
0
1
1
0
1
0
0
0
1
1
0
1
0
0
0
1
1
0
1
1
0
1
0
0
1
1
0
0
0
0
0
0
0
1
1
0
1
1
0
1
1
0
1
1
0
1
1
0
1
1
0
1
1
0
1
1
0
1
1
0
1
1
0
0
0
1
0
1
1
0
0
0
1
0
1
1
0
0
0
1
0
1
1
0
0
0
1
0
0
0
0
0
0
0
0
0
0
0
0
0
0
0
0
0
0
0
0
0
0
0
0
0
0
1
0
0
0
1
0
0
0
1
0
0
0
1
0
1
1
0
1
1
0
1
1
0
1
1
0
1
0
1
1
0
1
1
0
1
1
0
1
1
0
1
1
0
0
0
1
0
0
1
0
1
1
0
1
1
0
0
0
0
1
1
0
0
1
1
1
1
1
0
1
1
1
0
1
0
1
1
0
0
0
1
1
0
1
1
0
1
1
0
1
1
0
1
1
0
1
1
0
1
1
1
1
0
1
0
1
1
1
0
0
0
1
1
0
1
0
0
1
1
0
1
1
1
0
0
0
1
1
0
1
1
1
0
1
0
1
1
0
1
1
0
1
1
0
1
1
0
1
1
0
1
0
0
1
0
1
1
0
1
1
0
0
1
0
0
1
0
1
1
0
1
1
0
0
1
1
0
0
1
0
0
1
0
0
1
0
0
1
1
0
1
1
0
1
1
0
1
0
0
1
0
0
1
0
0
1
0
1
1
0
1
1
0
1
1
0
1
1
0
1
1
0
1
1
0
1
1
0
1
1
1
0
1
1
0
1
1
0
1
1
0
1
1
0
1
1
0
1
1
0
1
1
0
1
1
1
1
1
1
1
1
1
1
1
1
1
0
0
0
0
0
0
0
0
1
1
1
1
1
1
1
1
1
1
1
1
1
1
1
1
1
1
1
1
1
1
1
1
1
1
1
1
1
1
1
1
1
1
1
1
1
1
1
1
1
1
1
1
1
1
1
1
1
1
1
1
1
1
1
1
1
1
1
1
1
1
1
1
1
1
1
1
1
1
1
1
1
1
1
1
1
1
1
1
1
1
1
1
1
1
1
1
1
1
1
1
1
1
1
1
1
1
1
1
1
1
1
1
1
1
1
1
1
1
1
1
1
1
1
1
1
1
1
1
1
1
1
1
1
1
1
1
1
1
1
1
1
1
1
1
1
1
1
1
1
1
1
1
1
1
1
1
1
1
1
1
1
1
1
1
1
1
1
1
1
1
1
1
1
1
1
1
1
1
1
1
1
1
1
1
1
1
1
1
1
1
1
1
1
1
1
1
1
1
1
1
1
1
1
1
1
1
1
1
1
1
1
1
1
1
1
1
1
1
1
1
1
1
1
1
1
1
1
1
1
1
1
1
1
1
1
1
1
1
1
1
1
1
1
1
1
1
1
1
1
1
1
1
1
1
1
1
1
1
1
1
1
1
1
1
1
1
1
1
1
1
1
1
1
1
1
1
1
1
1
1
1
1
1
1
1
1
1
1
1
1
1
1
1
1
1
1
1
1
)
;
}
)

// ************************************************************************* //
